<?xml version="1.0"?>
<opencv_storage>
 <cam_model>
  <elementType>CameraModel</elementType>
  <className>OcamCalibCameraModel</className>
  <ss0>-7.771250e+02</ss0>
  <ss1>0.000000e+00</ss1>
  <ss2>7.638020e-04</ss2>
  <ss3>-7.452429e-07</ss3>
  <ss4>6.864998e-10</ss4>
  <yc>1000.373162</yc>
  <xc>763.126621</xc>
  <c>1.000090e+00</c>
  <d>-2.700000e-05</d>
  <e>-6.300000e-05</e>
  <width>2000</width>
  <height>1544</height>
  <imageCircleFOV>0.000000</imageCircleFOV>
 </cam_model>
</opencv_storage>
